

CUDA API Statistics:

 Time(%)  Total Time (ns)  Num Calls     Average       Minimum      Maximum       StdDev              Name         
 -------  ---------------  ---------  -------------  -----------  -----------  -------------  ---------------------
    52.5      501,203,484          1  501,203,484.0  501,203,484  501,203,484            0.0  cudaDeviceSynchronize
    45.0      429,436,384          3  143,145,461.3       30,306  429,370,268  247,877,953.8  cudaMallocManaged    
     1.7       16,358,870          3    5,452,956.7    3,553,614    6,482,730    1,646,828.2  cudaMemPrefetchAsync 
     0.8        8,047,879          3    2,682,626.3    2,373,550    2,976,419      301,725.0  cudaFree             
     0.0           31,267          1       31,267.0       31,267       31,267            0.0  cudaLaunchKernel     



CUDA Kernel Statistics:

 Time(%)  Total Time (ns)  Instances     Average       Minimum      Maximum    StdDev                   Name                 
 -------  ---------------  ---------  -------------  -----------  -----------  ------  --------------------------------------
   100.0      501,167,310          1  501,167,310.0  501,167,310  501,167,310     0.0  matrix_mult(double*, double*, double*)



CUDA Memory Operation Statistics (by time):

 Time(%)  Total Time (ns)  Operations  Average   Minimum  Maximum  StdDev               Operation            
 -------  ---------------  ----------  --------  -------  -------  -------  ---------------------------------
   100.0       11,804,314         128  92,221.2   90,997   97,372  1,384.4  [CUDA Unified Memory memcpy HtoD]



CUDA Memory Operation Statistics (by size in KiB):

    Total     Operations   Average    Minimum    Maximum   StdDev              Operation            
 -----------  ----------  ---------  ---------  ---------  ------  ---------------------------------
 262,144.000         128  2,048.000  2,048.000  2,048.000   0.000  [CUDA Unified Memory memcpy HtoD]



Operating System Runtime API Statistics:

 Time(%)  Total Time (ns)  Num Calls    Average     Minimum    Maximum       StdDev          Name     
 -------  ---------------  ---------  ------------  -------  -----------  ------------  --------------
    52.6    1,576,152,134         99  15,920,728.6  178,963  100,140,312  34,398,249.2  sem_timedwait 
    43.4    1,300,598,934         25  52,023,957.4  432,839  100,178,735  43,850,425.2  poll          
     3.3       97,411,552      1,035      94,117.4    1,129    6,094,403     350,602.8  ioctl         
     0.3        9,490,149        121      78,431.0    2,238    6,263,782     613,822.9  fopen         
     0.3        7,801,332        112      69,654.8    3,279    2,193,218     326,942.3  mmap          
     0.1        2,361,246        115      20,532.6    6,021       80,824       9,851.4  fclose        
     0.0          802,275          4     200,568.8    2,386      758,256     371,906.1  fread         
     0.0          594,433          4     148,608.3  129,904      174,739      18,806.6  pthread_create
     0.0          356,688          2     178,344.0  144,972      211,716      47,195.1  sem_wait      
     0.0          320,948         91       3,526.9    1,705        9,429       1,359.4  open64        
     0.0          135,734          4      33,933.5   20,896       67,089      22,162.7  fgets         
     0.0           64,199          8       8,024.9    1,371       30,149       9,638.3  fgetc         
     0.0           52,311         12       4,359.3    2,601        7,648       1,501.4  write         
     0.0           49,385          6       8,230.8    1,594       13,941       4,758.5  munmap        
     0.0           38,527          5       7,705.4    3,326       16,446       5,342.8  open          
     0.0           34,944         14       2,496.0    1,241        5,010       1,057.9  read          
     0.0           26,356          7       3,765.1    1,076       14,861       5,061.5  fcntl         
     0.0           18,897          4       4,724.3    4,357        5,355         445.9  mprotect      
     0.0           14,102          2       7,051.0    2,703       11,399       6,149.0  socket        
     0.0           13,255          3       4,418.3    4,039        4,650         331.2  pipe2         
     0.0            8,781          1       8,781.0    8,781        8,781           0.0  connect       
     0.0            2,551          1       2,551.0    2,551        2,551           0.0  bind          
     0.0            1,350          1       1,350.0    1,350        1,350           0.0  listen        

