

CUDA API Statistics:

 Time(%)  Total Time (ns)  Num Calls     Average       Minimum      Maximum       StdDev              Name         
 -------  ---------------  ---------  -------------  -----------  -----------  -------------  ---------------------
    52.8      493,889,465          1  493,889,465.0  493,889,465  493,889,465            0.0  cudaDeviceSynchronize
    46.3      432,914,119          3  144,304,706.3       31,530  432,841,766  249,880,423.6  cudaMallocManaged    
     1.0        9,177,874          3    3,059,291.3    2,945,443    3,153,345      105,355.0  cudaFree             
     0.0           38,247          1       38,247.0       38,247       38,247            0.0  cudaLaunchKernel     



CUDA Kernel Statistics:

 Time(%)  Total Time (ns)  Instances     Average       Minimum      Maximum    StdDev                   Name                 
 -------  ---------------  ---------  -------------  -----------  -----------  ------  --------------------------------------
   100.0      493,865,734          1  493,865,734.0  493,865,734  493,865,734     0.0  matrix_mult(double*, double*, double*)



CUDA Memory Operation Statistics (by time):

 Time(%)  Total Time (ns)  Operations  Average   Minimum  Maximum   StdDev               Operation            
 -------  ---------------  ----------  --------  -------  -------  --------  ---------------------------------
   100.0       17,196,792       1,275  13,487.7    6,999   86,496  11,060.0  [CUDA Unified Memory memcpy HtoD]



CUDA Memory Operation Statistics (by size in KiB):

    Total     Operations  Average  Minimum   Maximum   StdDev               Operation            
 -----------  ----------  -------  -------  ---------  -------  ---------------------------------
 262,144.000       1,275  205.603   64.000  1,984.000  268.190  [CUDA Unified Memory memcpy HtoD]



Operating System Runtime API Statistics:

 Time(%)  Total Time (ns)  Num Calls    Average     Minimum    Maximum       StdDev          Name     
 -------  ---------------  ---------  ------------  -------  -----------  ------------  --------------
    53.5    1,620,694,687        102  15,889,163.6  175,129  100,080,666  33,915,379.0  sem_timedwait 
    42.9    1,299,579,496         25  51,983,179.8  377,465  100,166,632  43,939,778.6  poll          
     2.7       82,872,907      1,034      80,147.9    1,039    4,955,540     216,246.0  ioctl         
     0.4       12,576,283        121     103,936.2    2,164    7,732,511     796,628.2  fopen         
     0.3        8,985,703        112      80,229.5    3,639    2,491,454     391,203.6  mmap          
     0.1        2,345,052        115      20,391.8    6,314       45,536       8,490.8  fclose        
     0.1        2,041,034          4     510,258.5    2,465    2,002,770     995,035.0  fread         
     0.0          572,631          4     143,157.8  120,645      165,448      18,337.8  pthread_create
     0.0          361,656          2     180,828.0  147,918      213,738      46,541.8  sem_wait      
     0.0          331,136         91       3,638.9    1,690       13,002       1,744.6  open64        
     0.0          134,361          4      33,590.3   21,744       66,224      21,789.4  fgets         
     0.0           62,449          9       6,938.8    1,496       25,393       7,755.7  fgetc         
     0.0           59,529         12       4,960.8    2,714        9,185       2,076.5  write         
     0.0           51,283          6       8,547.2    1,472       15,927       5,332.6  munmap        
     0.0           37,213          5       7,442.6    3,303       14,392       4,559.7  open          
     0.0           33,807         14       2,414.8    1,295        4,847       1,071.1  read          
     0.0           25,888          9       2,876.4    1,002       11,636       3,455.7  fcntl         
     0.0           19,046          4       4,761.5    4,557        4,992         185.2  mprotect      
     0.0           15,349          3       5,116.3    4,606        5,587         491.7  pipe2         
     0.0           12,476          2       6,238.0    2,894        9,582       4,729.1  socket        
     0.0            8,851          1       8,851.0    8,851        8,851           0.0  connect       
     0.0            2,035          1       2,035.0    2,035        2,035           0.0  bind          
     0.0            1,076          1       1,076.0    1,076        1,076           0.0  listen        

